1.Initialize Hash Table
2.Load T.C. IDNumbers from file
3.Add new T.C. IDNumber
4.Delete a T.C. IDNumber
5.Search for a T.C. IDNumber
6.Print out Hash Table
0.Terminate Program
1
Please enter N then press enter than enter hashing method(truncation or middleSquaring or folding)
100
truncation
2
6
1. E
2. 95945058801
3. 16575412002 91733076602  
4. 62146291503 69926658403  
5. 79538232104 56098357904  
6. E
7. 67155402606
8. 87783837107 23630352807  
9. 92824504408 75782780208  
10. 58733108109 88017505909 
11. 63090801510
12. E
13. 63428875812 95309951112
14. 17746707413
15. 51711527614 56482168314 30190429314 36245881214 76012938514 
16. 44279237315 86024902215
17. 39485132816
18. 28418375817
19. 55328253618 25340755318
20. 66290493119
21. 70818303620 35427267220
22. 78311257621 56592652321
23. 11325351222 79554034122 24915733422
24. 89279543123 74579830223 55663008823 50655189623 
25. 39959265324
26. 53410485925
27. 15420973726 78158612426 46779641926
28. 44425042127 46985660727
29. 37297534328 98839513628
30. 18496378829 25258677229
31. 57444442930 11173004830
32. 12770241031 68011953631 
33. 30350767832 60336221432
34. 34849925533 82544161633
35. E
36. 60930087635 28701481935 53403179035 27584094435
37. 13598407636 56807743136 15176002436 36282343436
38. 32227031337 80068306437 45291249937
39. 98245299838 26471321638 92372793638
40. E
41. 10407908140 
42. E
43. 13939365542 94178578842
44. 95190283143 25607209543 
45. E
46. 17409488245
47. 58626539246 40881523246
48. E
49. 39182801848 69381033848
50. 41969825549 10675004549 61157485649 16670498949
51. 48813678950 93331356950
52. 19162727651 14462682551 13131515051
53. 77873038252 14061214952 29126170152 
54. 20039181953 64070340053 34713712753
55. 32860126054
56. 97980147555 46898355155
57. E
58. 56738492657 15413735857 25608815757 13352904857
59. 87617237858 95690013558
60. 64929344059 78583241159 22888740059
61. 35998182660 77126049460 72176173060
62. 23221685761 35120164061
63. 69866238262 
64. 24865090063 95556059463 67934788163 44551412663 39589625763
65. 45861551964
66. 99769357665 65878977165
67. 13893446066 54253268266 39456253566 87402354166
68. 12508393967 83450145667 89415666667 92820552767
69. 34965109968 37438088068 21835714768
70. E
71. 84920706070 12903885770 84325383270 61190421970 
72. 89307478371 23027885971
73. 51159083872 25052520672 38413041772
74. 14607177773 64419557473 44827258473 
75. 33241290874 82055932874 60549608274
76. 17719034175 84103340675
77. 65839483976 31597026176 39249057476
78. 34113874277 20356667677 85930251577
79. 38012509478
80. 22591085079 56688987079
81. 89841439880 84739800880 87564868780
82. 34746365281 49053912881 52075618181
83. 34152316882 15863945382 
84. E
85. 31552217484 33972330484 22155389284
86. 75905120985
87. 93198650286 73959720286 11759181786 29051836886
88. 89899942087
89. E
90. 19897228289 91351425389
91. 87816095890 13260574490
92. 51064530891 87307642191
93. 81435526892 81981334392 61541385092
94. E 
95. 98227858394 
96. 18211976295 10687651295
97. 54139582796
98. 69089360697
99. 95583783798 51436392198 23402319898 72552148698 65097228298 30081381698
100. 84054721499
1
Please enter N then press enter than enter hashing method(truncation or middleSquaring or folding)
100
middleSquaring
2
6
1. 13598407636 38012509478 34965109968 10675004549 84920706070 67155402606 11173004830 39182801848 15176002436 84739800880 92824504408 86024902215 58733108109 70818303620 55663008823 10407908140 60549608274 88017505909 17746707413 80068306437 63090801510 25607209543 13352904857
2. 56738492657 66290493119 16670498949 95690013558 13131515051 98839513628 
3. E
4. E
5. 17409488245 51711527614 53410485925 81435526892 65839483976 28701481935 40881523246 56688987079 31597026176 61157485649 25052520672
6. E
7. E 
8. E
9. E
10. 15420973726 58626539246 18211976295 77873038252 37297534328 89307478371 51064530891 17719034175 32227031337 69381033848 79554034122 65878977165   
11. E
12. E
13. E
14. E
15. E
16. E 
17. 89279543123 77126049460 44425042127 38413041772
18. E
19. E
20. E
21. E
22. 78158612426 12508393967 51436392198 52075618181
23. E
24. E
25. 23221685761 35998182660 20039181953 41969825549 14462682551 26471321638 11759181786 50655189623
26. 93198650286 99769357665 55328253618 11325351222 23630352807 95945058801 45861551964 39456253566 92820552767 46898355155 64419557473 95556059463 98227858394 44827258473 25340755318 69926658403 78311257621 68011953631 56592652321 95309951112 39249057476 85930251577 56098357904 87402354166 93331356950 10687651295
27. E
28. E
29. E
30. 44279237315 15413735857 69866238262 87617237858 24915733422 79538232104 
31. E
32. E
33. E
34. E
35. E
36. E
37. 13893446066 57444442930 89899942087 15863945382
38. E 
39. E
40. E
41. E
42. 62146291503 31552217484 33241290874 14061214952 98245299838 21835714768 34713712753 92372793638
43. E
44. E
45. 12903885770 36245881214 32860126054 75905120985 84325383270 23027885971 30081381698 39589625763 22155389284 61541385092
46. E
47. E 
48. E
49. E
50. 89841439880 82055932874 91733076602 76012938514 94178578842 13260574490
51. E
52. E
53. E
54. E
55. E
56. E
57. 35120164061 82544161633 64929344059 64070340053 56482168314 20356667677 36282343436 89415666667 46985660727 84103340675
58. E 
59. E
60. E
61. E
62. 23402319898 34152316882 25608815757
63. E
64. E
65. 34849925533 37438088068 22591085079 54139582796 30190429314 60930087635 91351425389 51159083872 61190421970
66. E
67. E
68. E
69. E
70. 34113874277 18496378829 63428875812 28418375817 39485132816
71. E
72. E 
73. E
74. E
75. E
76. E
77. 39959265324 78583241159 56807743136 54253268266 30350767832 12770241031 35427267220 22888740059 45291249937
78. E
79. E
80. E
81. E
82. 24865090063 16575412002 87816095890 49053912881 44551412663 27584094435
83. E
84. E 
85. 19897228289 19162727651 95583783798 75782780208 84054721499 67934788163 73959720286 65097228298 95190283143 60336221432 
86. E
87. E
88. E
89. E
90. 14607177773 87783837107 25258677229 74579830223 48813678950 53403179035 29126170152 29051836886 33972330484 81981334392 72176173060
91. E
92. E
93. E
94. E
95. E
96. E
97. 83450145667 34746365281 97980147555 69089360697 72552148698 87307642191 46779641926 87564868780 13939365542 
98. E
99. E
100. E
1
Please enter N then press enter than enter hashing method(truncation or middleSquaring or folding)
100
folding
2
6
1. 11325351222 84054721499 45291249937 
2. 62146291503 40881523246
3. 37438088068 65097228298 79538232104 
4. 38413041772
5. 69866238262 10407908140 75905120985 89899942087 56688987079 87402354166 61190421970
6. 93198650286 29126170152
7. 15413735857
8. E
9. 58733108109 46779641926 16670498949
10. E
11. 97980147555
12. 51159083872 60336221432 11759181786 39589625763
13. 56807743136 30190429314 
14. E
15. 12508393967 34152316882
16. 82544161633 91733076602
17. 66290493119
18. 78158612426
19. 37297534328 35427267220
20. 11173004830
21. 60930087635 30350767832
22. 41969825549 89307478371
23. 51711527614 20356667677 44279237315 53410485925 54253268266 31597026176
24. 88017505909 
25. 73959720286 92372793638
26. 92824504408
27. 15420973726 35998182660 33241290874 56098357904
28. 95583783798 92820552767 95190283143 30081381698
29. E
30. 81435526892 13939365542
31. 72552148698
32. 13598407636 99769357665 26471321638 25340755318 17746707413
33. 15863945382 39249057476 
34. 84739800880
35. 56738492657
36. 34849925533 56592652321
37. E
38. 98227858394 
39. 49053912881 23027885971 52075618181
40. 25258677229
41. E
42. 89279543123 16575412002 19897228289 64929344059
43. 77873038252 32227031337 44425042127 28418375817
44. 34746365281 32860126054
45. E
46. 19162727651 
47. 14462682551 36245881214 86024902215
48. 70818303620 13131515051 98839513628
49. 44551412663
50. 95690013558
51. 10675004549 33972330484 22155389284
52. E
53. 69926658403
54. 35120164061 23402319898 14061214952 25052520672 85930251577
55. 51064530891
56. 36282343436 28701481935 84103340675
57. 45861551964 94178578842 
58. 67155402606 39456253566 46898355155 60549608274
59. 18211976295 83450145667 25608815757 
60. 54139582796 46985660727
61. E
62. 24865090063 87307642191
63. 24915733422 29051836886
64. 20039181953 48813678950 63090801510
65. 18496378829 22591085079 34713712753
66. 93331356950
67. 23221685761 68011953631 25607209543
68. 14607177773 34965109968 65839483976 81981334392 13352904857 
69. 74579830223 39959265324
70. 91351425389 
71. 98245299838 67934788163 12770241031 61541385092
72. 15176002436 13260574490
73. 95556059463 72176173060
74. E
75. 23630352807 22888740059
76. 95309951112
77. 50655189623
78. 38012509478 57444442930 44827258473
79. E
80. E
81. E 
82. 82055932874
83. 56482168314
84. 17719034175 89415666667 65878977165
85. 87617237858 80068306437
86. 39182801848 77126049460
87. 84920706070 69089360697 87816095890 64419557473
88. 78583241159
89. 76012938514
90. 58626539246 55328253618 69381033848 39485132816 10687651295
91. 89841439880 61157485649 53403179035 87564868780 21835714768 
92. E
93. 63428875812 78311257621
94. 87783837107
95. 12903885770 75782780208 27584094435
96. 17409488245 31552217484
97. 64070340053 51436392198
98. 55663008823
99. 34113874277 13893446066 95945058801 79554034122 84325383270
100. E