17409488245
51711527614
23221685761
89279543123
34113874277
93198650286
24865090063
13893446066
18496378829
13598407636
15420973726
16575412002
14607177773
35998182660
38012509478
35120164061
89841439880
87783837107
34965109968
34849925533
37438088068
19897228289
78158612426
58626539246
18211976295
20039181953
25258677229
41969825549
12508393967
99769357665
82544161633
55328253618
62146291503
64929344059
63428875812
57444442930
77873038252
37297534328
11325351222
64070340053
10675004549
56482168314
84920706070
56738492657
74579830223
67155402606
11173004830
12903885770
89307478371
83450145667
20356667677
19162727651
39959265324
44279237315
78583241159
51064530891
34746365281
31552217484
23630352807
22591085079
53410485925
54139582796
17719034175
33241290874
56807743136
30190429314
82055932874
81435526892
95945058801
32227031337
95583783798
39182801848
60930087635
65839483976
45861551964
54253268266
39456253566
14462682551
15176002436
36282343436
84739800880
51436392198
23402319898
91351425389
28701481935
97980147555
92824504408
51159083872
69381033848
15413735857
69089360697
89415666667
14061214952
34152316882
77126049460
36245881214
98245299838
69866238262
75782780208
92820552767
87816095890
72552148698
46898355155
84054721499
30350767832
64419557473
40881523246
66290493119
95556059463
49053912881
86024902215
44425042127
79554034122
98227858394
46985660727
26471321638
32860126054
67934788163
87617237858
58733108109
24915733422
12770241031
73959720286
70818303620
28418375817
48813678950
55663008823
65097228298
44827258473
95190283143
10407908140
79538232104
75905120985
91733076602
89899942087
87307642191
60336221432
60549608274
76012938514
56688987079
15863945382
39485132816
46779641926
31597026176
25340755318
88017505909
35427267220
11759181786
69926658403
78311257621
61157485649
84325383270
68011953631
53403179035
29126170152
29051836886
16670498949
87564868780
95690013558
17746707413
21835714768
23027885971
34713712753
44551412663
30081381698
13939365542
50655189623
25052520672
80068306437
52075618181
56592652321
22888740059
95309951112
33972330484
39249057476
63090801510
39589625763
85930251577
94178578842
38413041772
13131515051
22155389284
27584094435
84103340675
56098357904
87402354166
45291249937
65878977165
13260574490
61190421970
93331356950
98839513628
81981334392
72176173060
25607209543
25608815757
92372793638
10687651295
61541385092
13352904857