310
617
936
452
601
250
520
557
799
304
225
9
845
610
990
703
196
486
94
344
524
588
315
504
449
201
459
619
581
797
799
282
590
799
10
158
473
623
539
293
39
180
191
658
959
192
816
889
157
512
203
635
273
56
329
647
363
887
876
434
870
143
845
417
882
999
323
652
22
700
558
477
893
390
76
713
601
511
4
870
862
689
402
790
256
424
3
586
183
286
89
427
618
758
833
933
170
155
722
190
977
330
369
693
426
556
435
550
442
513
146
61
719
754
140
424
280
997
688
530
550
438
867
950
194
196
298
417
287
106
489
283
456
735
115
702
317
672
787
264
314
356
186
54
913
809
833
946
314
757
322
559
647
983
482
145
197
223
130
162
536
451
174
467
45
660
293
440
254
25
155
511
746
650
187
314
475
23
169
19
788
906
959
392
203
626
478
415
315
825
335
875
373
160
834
71
488
298
519
178
